0000000000000000000000000000000000000000000000000000000000000000000000000000000000000000000000000000
0000000000000000000000000000000000000000000000000000000000000000000000000000000000000000000000000000
0000000000000000000000000000000000000000000000000000000000000000000000000000000000000000000000000000
0000000000000000000000000000000000000000000000000000000000000000000000000000000000000000000000000000
0000000000000000000000000000000000000000000000000000000000000000000000000000000000000000000000000000
0000000000000000000000000000000000000000000000000000000000000000000000000000000000000000000000000000
0000000000000000000000000000000000000000000000000000000000000000000000000000000000000000000000000000
0000000000000000000000000000000000000000000000000000000000000000000000000000000000000000000000000000
0000000000000000000000000000000000000000000000000000000000000000000000000000000000000000000000000000
0000000000000000000000000000000000000000000000000000000000000000000000000000000000000000000000000000
0000000000000000000000000000000000000000000000000000000000000000000000000000000000000000000000000000
0000000000000000000000000000000000000000000000000000000000000000000000000000000000000000000000000000
0000000000000000000000000000000000000000000000000000000000000000000000000000000000000000000000000000
0000000000000000000000000000000000000000000000000000000000000000000000000000000000000000000000000000
0000000000000000000000011111111111111111111111111111111111111111111111111111110000000000000000000000
0000000000000000000000011111111111111111111111111111111111111111111111111111110000000000000000000000
0000000000000000000000010011111111111111111111111111111111111111111111111111110000000000000000000000
0000000000000000000000011111111111111111111111111111111111111111111111111111110000000000000000000000
0000000000000000000000011111111111111111111111111111111111111111111111111111110000000000000000000000
0000000000000000000000011111111111111111111111111111111111111111111111111111110000000000000000000000
0000000000000000000000011111111111111111111111111111111111111111111111111111110000000000000000000000
0000000000000000000000011111111111111111111111111111111111111111111111111111110000000000000000000000
0000000000000000000000011111111111111001111111111111111111111111111111111111110000000000000000000000
0000000000000000000000011111111111110000111111111111111111111110011111111111110000000000000000000000
0000000000000000000000011111111111111111111111111110111111111110011111111111110000000000000000000000
0000000000000000000000011111111111111111111111111111111111111100001111111111110000000000000000000000
0000000000000000000000011111101101111111111111111111111111111111111111111111110000000000000000000000
0000000000000000000000011111111111111111111111111111111111111111111111111111110000000000000000000000
0000000000000000000000011111111111111111111111111111111111111111111111111111110000000000000000000000
0000000000000000000000011111101101111111111111111111111111111111111111111111110000000000000000000000
0000000000000000000000011111111111111111111111111111111111111111111111111111110000000000000000000000
0000000000000000000000011111111111111111111111111111111111111111111111111111110000000000000000000000
0000000000000000000000011111111111111111111111111111111111111111111111111111110000000000000000000000
0000000000000000000000011111111111111111111111111111111111111111111100111111110000000000000000000000
0000000000000000000000011111111111111111111111111111111111111111111111111111110000000000000000000000
0000000000000000000000011111111111111111111111111111111111111111111111111111110000000000000000000000
0000000000000000000000011111111111111111111111111111111111111111111111111111110000000000000000000000
0000000000000000000000011111111111111111111111111111111111111111111111111111110000000000000000000000
0000000000000000000000011111111001111111111111111111111111111111111111111111110000000000000000000000
0000000000000000000000011111111111111111111111111111111111111111111111111111110000000000000000000000
0000000000000000000000011111111111111111111111111111111111111111111111111111110000000000000000000000
0000000000000000000000011111111111111111111111111111111111111111111111111111110000000000000000000000
0000000000000000000000011111111111111111111111111111111111111111111111111111110000000000000000000000
0000000000000000000000011111111111111111111111111111111111111111111111111111110000000000000000000000
0000000000000000000000011111111111111111111111111111111111111111111111111111110000000000000000000000
0000000000000000000000011111111111111111111111111111111111111111111111111111110000000000000000000000
0000000000000000000000011111111111111111111111111111111111111111111111111111110000000000000000000000
0000000000000000000000011111111111111111111111111111111111111111111111111111110000000000000000000000
0000000000000000000000011111111111111111111111111111111111111111111111111111110000000000000000000000
0000000000000000000000011111111111111111111111111111111111111111111111111111110000000000000000000000
0000000000000000000000011111111111111111111111111111111111111111111111111111110000000000000000000000
0000000000000000000000011111111111111111111111111111111111111111111111111111000000000000000000000000
0000000000000000000000011111111111111111111111111111111111111111111111111111110000000000000000000000
0000000000000000000000011111111111111111111111111111110011111111111111111111110000000000000000000000
0000000000000000000000011111111111111111111111111111111111111111111111111111110000000000000000000000
0000000000000000000000011111111111111111111111111111111111111111111111111111110000000000000000000000
0000000000000000000000011111111111111111111111111111111111111111111111111111110000000000000000000000
0000000000000000000000011111111111111111111111111111111111111111111111111111110000000000000000000000
0000000000000000000000011111111111111111111111111111111111111111111111111111110000000000000000000000
0000000000000000000000011111111111111111111111111111111111111111111111111111110000000000000000000000
0000000000000000000000011111111111111111111111111111111111111111111111111111110000000000000000000000
0000000000000000000000011111111111111111111111111111111111111111111111111111110000000000000000000000
0000000000000000000000011111111111111111111111111111111111111111111111111111110000000000000000000000
0000000000000000000000011111111111111111111111111111011111111111111111111111110000000000000000000000
0000000000000000000000011111111111111111111111111111111111111110011111111111110000000000000000000000
0000000000000000000000011111111100111111111111111111111111111100001111111111110000000000000000000000
0000000000000000000000011111111000011111111111111111111111111111111111111111110000000000000000000000
0000000000000000000000011111111111111111111111111111111111111111111111111111110000000000000000000000
0000000000000000000000011111111111111111111111111111111111111111111111111111110000000000000000000000
0000000000000000000000011111111111111111111111111111111111111111111111111111110000000000000000000000
0000000000000000000000011111111111111111111111111111111111111111111111111111110000000000000000000000
0000000000000000000000011111111111111111111111111111111111111111111111111111110000000000000000000000
0000000000000000000000011111111111111111111111111111111111111111111111111111110000000000000000000000
0000000000000000000000011111111111111111111111111111111111111111111111111111110000000000000000000000
0000000000000000000000011111111111111111111111111111111111111111111111111111110000000000000000000000
0000000000000000000000011111111111111111111111111111111111111111111111111111110000000000000000000000
0000000000000000000000011111111111111111111111111111111111111111111111111111110000000000000000000000
0000000000000000000000011111111111111111111111111111111111111111111111111111110000000000000000000000
0000000000000000000000000000000000000000000001111111110000000000000000000000000000000000000000000000
0000000000000000000000000000000000000000000011111111100000000000000000000000000000000000000000000000
0000000000000000000000000000000000000000000011111111000000000000000000000000000000000000000000000000
0000000000000000000000000000000000000000000011111111000000000000000000000000000000000000000000000000
0000000000000000000000000000000000000000000011111111000000000000000000000000000000000000000000000000
0000000000000000000000000000000000000000000011111111000000000000000000000000000000000000000000000000
0000000000000000000000000000000000000000000011111111000000000000000000000000000000000000000000000000
0000000000000000000000000000000000000000000011111111000000000000000000000000000000000000000000000000
0000000000000000000000000000000000000000000011111111000000000000000000000000000000000000000000000000
0000000000000000000000000000000000000000000011111111000000000000000000000000000000000000000000000000
0000000000000000000000000000000000000000000011111111000000000000000000000000000000000000000000000000
0000000000000000000000000000000000000000000011111111000000000000000000000000000000000000000000000000
0000000000000000000000000000000000000000000011111111000000000000000000000000000000000000000000000000
0000000000000000000000000000000000000000000011111111000000000000000000000000000000000000000000000000
0000000000000000000000000000000000000000000011111111000000000000000000000000000000000000000000000000
0000000000000000000000000000000000000000000011111111000000000000000000000000000000000000000000000000
0000000000000000000000000000000000000000000011111111000000000000000000000000000000000000000000000000
0000000000000000000000000000000000000000000011111111000000000000000000000000000000000000000000000000
0000000000000000000000000000000000000000000011111111000000000000000000000000000000000000000000000000
0000000000000000000000000000000000000000000011111111000000000000000000000000000000000000000000000000
0000000000000000000000000000000000000000000011111111000000000000000000000000000000000000000000000000
0000000000000000000000000000000000000000000011111111000000000000000000000000000000000000000000000000
